RUNNING THE L-BFGS-B CODE

it    = iteration number
nf    = number of function evaluations
nseg  = number of segments explored during the Cauchy search
nact  = number of active bounds at the generalized Cauchy point
sub   = manner in which the subspace minimization terminated:
        con = converged, bnd = a bound was reached
itls  = number of iterations performed in the line search
stepl = step length used
tstep = norm of the displacement (total step)
projg = norm of the projected gradient
f     = function value

           * * *

Machine precision = 2.220D-16
 N =          660     M =           10

   it   nf  nseg  nact  sub  itls  stepl    tstep     projg        f
    0    1     -     -   -     -     -        -     1.741D-01  7.622D-01
    1    3     1     0  ---    1  2.0D+00  4.9D-01  1.682D-02  6.950D-01
    2    4     0     0  con    0  1.0D+00  8.0D-02  2.105D-02  6.927D-01
    3    5     0     0  con    0  1.0D+00  4.2D-01  1.775D-02  6.871D-01
    4    6     0     0  con    0  1.0D+00  2.2D-01  9.352D-03  6.823D-01
    5    8     0     0  con    1  4.5D-01  9.0D-01  5.930D-02  6.705D-01
    6    9     0     0  con    0  1.0D+00  7.2D-01  7.820D-02  6.635D-01
    7   10     0     0  con    0  1.0D+00  8.0D-01  6.189D-02  6.427D-01
    8   12     0     0  con    1  4.5D-01  1.7D+00  5.646D-02  6.102D-01
    9   13     0     0  con    0  1.0D+00  2.8D+00  8.042D-02  5.785D-01
   10   15     0     0  con    1  1.3D-01  5.6D-01  4.348D-02  5.698D-01
   11   17     0     0  con    1  4.7D-02  4.3D-01  3.068D-02  5.641D-01
   12   19     0     0  con    1  3.9D-01  9.5D-01  5.730D-02  5.492D-01
   13   20     0     0  con    0  1.0D+00  1.3D+00  1.659D-01  5.282D-01
   14   21     0     0  con    0  1.0D+00  3.9D-01  1.281D-01  5.184D-01
   15   22     0     0  con    0  1.0D+00  6.5D-01  4.534D-02  5.103D-01
   16   24     0     0  con    1  4.7D-01  5.8D-01  7.005D-02  5.050D-01
   17   25     0     0  con    0  1.0D+00  1.3D-01  4.913D-02  4.997D-01
   18   26     0     0  con    0  1.0D+00  1.5D+00  2.054D-01  4.830D-01
   19   27     0     0  con    0  1.0D+00  1.3D+00  8.471D-02  4.664D-01
   20   28     0     0  con    0  1.0D+00  3.4D-01  6.094D-02  4.636D-01
   21   29     0     0  con    0  1.0D+00  1.8D+00  5.231D-02  4.463D-01
   22   31     0     0  con    1  3.2D-01  8.2D-01  1.173D-01  4.420D-01
   23   32     0     0  con    0  1.0D+00  6.7D-01  4.786D-02  4.363D-01
   24   33     0     0  con    0  1.0D+00  2.9D-01  2.159D-02  4.321D-01
   25   34     0     0  con    0  1.0D+00  6.6D-01  1.976D-02  4.260D-01
   26   35     0     0  con    0  1.0D+00  4.9D-01  7.547D-02  4.170D-01
   27   36     0     0  con    0  1.0D+00  5.6D-01  4.009D-02  4.114D-01
   28   37     0     0  con    0  1.0D+00  6.5D-01  2.185D-02  4.055D-01
   29   38     0     0  con    0  1.0D+00  6.1D-01  2.976D-02  3.962D-01
   30   40     0     0  con    1  3.8D-01  5.3D-01  3.249D-02  3.907D-01
   31   41     0     0  con    0  1.0D+00  5.8D-01  3.524D-02  3.851D-01
   32   42     0     0  con    0  1.0D+00  2.2D-01  1.758D-02  3.810D-01
   33   43     0     0  con    0  1.0D+00  5.3D-01  2.769D-02  3.756D-01
   34   44     0     0  con    0  1.0D+00  7.8D-01  6.558D-02  3.716D-01
   35   45     0     0  con    0  1.0D+00  9.1D-01  3.753D-02  3.600D-01
   36   46     0     0  con    0  1.0D+00  1.3D+00  5.253D-02  3.537D-01
   37   47     0     0  con    0  1.0D+00  5.7D-01  2.755D-02  3.472D-01
   38   48     0     0  con    0  1.0D+00  3.9D-01  2.568D-02  3.403D-01
   39   49     0     0  con    0  1.0D+00  9.5D-01  5.044D-02  3.368D-01
   40   50     0     0  con    0  1.0D+00  7.7D-01  2.188D-02  3.269D-01
   41   51     0     0  con    0  1.0D+00  2.0D-01  8.018D-03  3.231D-01
   42   52     0     0  con    0  1.0D+00  7.7D-01  2.492D-02  3.161D-01
   43   53     0     0  con    0  1.0D+00  5.2D-01  4.444D-02  3.128D-01
   44   54     0     0  con    0  1.0D+00  2.3D-01  8.676D-03  3.098D-01
   45   55     0     0  con    0  1.0D+00  2.2D-01  3.072D-02  3.085D-01
   46   56     0     0  con    0  1.0D+00  1.5D-01  2.914D-02  3.072D-01
   47   57     0     0  con    0  1.0D+00  1.5D+00  5.918D-02  3.050D-01
   48   59     0     0  con    1  1.9D-01  3.6D-01  3.128D-02  3.018D-01
   49   60     0     0  con    0  1.0D+00  4.6D-01  1.261D-02  2.963D-01
   50   61     0     0  con    0  1.0D+00  2.8D-01  8.615D-03  2.940D-01
   51   62     0     0  con    0  1.0D+00  4.7D-01  1.436D-02  2.918D-01
   52   63     0     0  con    0  1.0D+00  4.2D-01  8.589D-03  2.887D-01
   53   64     0     0  con    0  1.0D+00  1.0D+00  3.649D-02  2.820D-01
   54   65     0     0  con    0  1.0D+00  3.5D-01  9.410D-03  2.797D-01
   55   66     0     0  con    0  1.0D+00  1.4D-01  8.401D-03  2.787D-01
   56   67     0     0  con    0  1.0D+00  1.5D-01  8.937D-03  2.778D-01
   57   69     0     0  con    1  3.4D-01  3.2D-01  2.430D-02  2.770D-01
   58   70     0     0  con    0  1.0D+00  2.8D-01  1.072D-02  2.760D-01
   59   71     0     0  con    0  1.0D+00  8.0D-02  1.048D-02  2.756D-01
   60   72     0     0  con    0  1.0D+00  1.6D-01  1.166D-02  2.747D-01
   61   73     0     0  con    0  1.0D+00  1.9D-01  1.084D-02  2.738D-01
   62   74     0     0  con    0  1.0D+00  9.2D-01  1.104D-02  2.702D-01
   63   75     0     0  con    0  1.0D+00  1.6D-01  7.472D-03  2.684D-01
   64   76     0     0  con    0  1.0D+00  2.5D-01  7.788D-03  2.672D-01
   65   77     0     0  con    0  1.0D+00  4.0D-01  4.214D-02  2.665D-01
   66   78     0     0  con    0  1.0D+00  2.2D-01  1.910D-02  2.651D-01
   67   79     0     0  con    0  1.0D+00  3.4D-01  6.777D-03  2.643D-01
   68   80     0     0  con    0  1.0D+00  1.2D-01  5.980D-03  2.639D-01
   69   81     0     0  con    0  1.0D+00  7.7D-01  1.953D-02  2.626D-01
   70   82     0     0  con    0  1.0D+00  9.4D-02  1.292D-02  2.615D-01
   71   84     0     0  con    1  5.2D-01  2.4D-01  2.446D-02  2.606D-01
   72   85     0     0  con    0  1.0D+00  2.9D-01  2.663D-02  2.599D-01
   73   86     0     0  con    0  1.0D+00  1.3D-01  1.384D-02  2.595D-01
   74   87     0     0  con    0  1.0D+00  1.1D-01  6.134D-03  2.591D-01
   75   88     0     0  con    0  1.0D+00  3.2D-01  6.816D-03  2.584D-01
   76   89     0     0  con    0  1.0D+00  1.7D-01  1.235D-02  2.578D-01
   77   90     0     0  con    0  1.0D+00  4.6D-01  2.600D-02  2.572D-01
   78   91     0     0  con    0  1.0D+00  1.8D-01  1.238D-02  2.564D-01
   79   92     0     0  con    0  1.0D+00  1.3D-01  4.880D-03  2.559D-01
   80   93     0     0  con    0  1.0D+00  1.5D-01  9.535D-03  2.555D-01
   81   94     0     0  con    0  1.0D+00  9.9D-02  1.150D-02  2.550D-01
   82   95     0     0  con    0  1.0D+00  2.2D-01  1.524D-02  2.542D-01
   83   96     0     0  con    0  1.0D+00  3.5D-01  5.677D-03  2.535D-01
   84   97     0     0  con    0  1.0D+00  1.8D-01  9.391D-03  2.530D-01
   85   98     0     0  con    0  1.0D+00  1.6D-01  9.106D-03  2.526D-01
   86   99     0     0  con    0  1.0D+00  3.5D-01  2.297D-02  2.518D-01
   87  100     0     0  con    0  1.0D+00  2.0D-01  7.875D-03  2.512D-01
   88  101     0     0  con    0  1.0D+00  1.6D-01  8.481D-03  2.508D-01
   89  102     0     0  con    0  1.0D+00  9.7D-02  6.308D-03  2.505D-01
   90  103     0     0  con    0  1.0D+00  2.5D-01  6.309D-03  2.500D-01
   91  105     0     0  con    1  2.0D-01  1.6D-01  1.552D-02  2.498D-01
   92  106     0     0  con    0  1.0D+00  1.5D-01  1.005D-02  2.494D-01
   93  107     0     0  con    0  1.0D+00  1.8D-01  7.600D-03  2.488D-01
   94  108     0     0  con    0  1.0D+00  1.7D-01  9.316D-03  2.485D-01
   95  109     0     0  con    0  1.0D+00  2.4D-01  7.467D-03  2.480D-01
   96  110     0     0  con    0  1.0D+00  3.7D-01  8.157D-03  2.474D-01
   97  112     0     0  con    1  2.1D-01  1.7D-01  1.021D-02  2.471D-01
   98  113     0     0  con    0  1.0D+00  3.1D-01  1.267D-02  2.465D-01
   99  114     0     0  con    0  1.0D+00  5.4D-01  8.369D-03  2.454D-01
  100  115     0     0  con    0  1.0D+00  4.3D-01  1.583D-02  2.443D-01
  101  116     0     0  con    0  1.0D+00  2.7D-01  5.817D-03  2.438D-01
  102  117     0     0  con    0  1.0D+00  1.8D-01  5.583D-03  2.435D-01
  103  118     0     0  con    0  1.0D+00  3.2D-01  4.205D-03  2.424D-01
  104  119     0     0  con    0  1.0D+00  3.6D-01  9.464D-03  2.413D-01
  105  120     0     0  con    0  1.0D+00  3.0D-01  1.176D-02  2.404D-01
  106  121     0     0  con    0  1.0D+00  1.1D-01  4.479D-03  2.398D-01
  107  122     0     0  con    0  1.0D+00  9.9D-02  7.230D-03  2.395D-01
  108  123     0     0  con    0  1.0D+00  1.4D-01  6.953D-03  2.390D-01
  109  124     0     0  con    0  1.0D+00  3.0D-01  4.351D-03  2.381D-01
  110  125     0     0  con    0  1.0D+00  3.0D-01  1.137D-02  2.374D-01
  111  126     0     0  con    0  1.0D+00  7.6D-02  6.852D-03  2.369D-01
  112  127     0     0  con    0  1.0D+00  1.3D-01  4.961D-03  2.365D-01
  113  128     0     0  con    0  1.0D+00  1.1D-01  2.190D-02  2.364D-01
  114  129     0     0  con    0  1.0D+00  5.0D-02  1.048D-02  2.363D-01
  115  130     0     0  con    0  1.0D+00  5.2D-02  6.658D-03  2.361D-01
  116  131     0     0  con    0  1.0D+00  5.0D-02  7.791D-03  2.360D-01
  117  132     0     0  con    0  1.0D+00  1.3D-01  6.631D-03  2.357D-01
  118  134     0     0  con    1  4.0D-01  1.6D-01  7.430D-03  2.355D-01
  119  135     0     0  con    0  1.0D+00  8.1D-02  3.950D-03  2.353D-01
  120  136     0     0  con    0  1.0D+00  7.9D-02  6.967D-03  2.351D-01
  121  137     0     0  con    0  1.0D+00  1.0D-01  3.589D-03  2.348D-01
  122  138     0     0  con    0  1.0D+00  2.3D-01  9.633D-03  2.346D-01
  123  139     0     0  con    0  1.0D+00  1.6D-01  3.783D-03  2.343D-01
  124  140     0     0  con    0  1.0D+00  2.5D-01  4.070D-03  2.338D-01
  125  142     0     0  con    1  3.2D-01  7.5D-02  8.072D-03  2.337D-01
  126  143     0     0  con    0  1.0D+00  1.2D-01  6.185D-03  2.336D-01
  127  144     0     0  con    0  1.0D+00  5.6D-02  2.239D-03  2.334D-01
  128  145     0     0  con    0  1.0D+00  1.6D-01  3.925D-03  2.333D-01
  129  147     0     0  con    1  1.2D-01  5.2D-02  1.078D-02  2.332D-01
  130  148     0     0  con    0  1.0D+00  1.1D-01  3.902D-03  2.330D-01
  131  149     0     0  con    0  1.0D+00  7.6D-02  5.995D-03  2.329D-01
  132  150     0     0  con    0  1.0D+00  7.1D-02  4.535D-03  2.327D-01
  133  151     0     0  con    0  1.0D+00  8.4D-02  7.414D-03  2.324D-01
  134  152     0     0  con    0  1.0D+00  1.4D-01  6.876D-03  2.322D-01
  135  153     0     0  con    0  1.0D+00  2.9D-01  9.697D-03  2.319D-01
  136  154     0     0  con    0  1.0D+00  1.4D-01  6.583D-03  2.317D-01
  137  155     0     0  con    0  1.0D+00  7.6D-02  2.250D-03  2.315D-01
  138  156     0     0  con    0  1.0D+00  2.3D-01  4.337D-03  2.314D-01
  139  157     0     0  con    0  1.0D+00  1.6D-01  7.353D-03  2.313D-01
  140  158     0     0  con    0  1.0D+00  1.0D-01  9.551D-03  2.311D-01
  141  159     0     0  con    0  1.0D+00  3.7D-02  6.561D-03  2.310D-01
  142  160     0     0  con    0  1.0D+00  5.3D-02  5.718D-03  2.309D-01
  143  161     0     0  con    0  1.0D+00  6.7D-02  7.354D-03  2.308D-01
  144  162     0     0  con    0  1.0D+00  1.9D-01  4.748D-03  2.306D-01
  145  163     0     0  con    0  1.0D+00  4.4D-01  9.109D-03  2.303D-01
  146  164     0     0  con    0  1.0D+00  2.4D-01  5.666D-03  2.300D-01
  147  165     0     0  con    0  1.0D+00  2.2D-01  4.994D-03  2.298D-01
  148  166     0     0  con    0  1.0D+00  1.1D-01  6.021D-03  2.295D-01
  149  167     0     0  con    0  1.0D+00  2.5D-01  1.394D-02  2.293D-01
  150  168     0     0  con    0  1.0D+00  4.7D-02  3.298D-03  2.290D-01
  151  169     0     0  con    0  1.0D+00  1.1D-01  7.201D-03  2.289D-01
  152  170     0     0  con    0  1.0D+00  8.8D-02  1.476D-02  2.288D-01
  153  171     0     0  con    0  1.0D+00  1.1D-01  4.554D-03  2.286D-01
  154  172     0     0  con    0  1.0D+00  8.3D-02  4.953D-03  2.285D-01
  155  173     0     0  con    0  1.0D+00  1.4D-01  1.062D-02  2.284D-01
  156  174     0     0  con    0  1.0D+00  3.3D-02  1.180D-02  2.283D-01
  157  175     0     0  con    0  1.0D+00  1.6D-01  7.827D-03  2.281D-01
  158  176     0     0  con    0  1.0D+00  5.8D-02  4.767D-03  2.280D-01
  159  177     0     0  con    0  1.0D+00  1.2D-01  3.850D-03  2.278D-01
  160  178     0     0  con    0  1.0D+00  5.4D-02  9.036D-03  2.277D-01
  161  179     0     0  con    0  1.0D+00  5.3D-02  6.424D-03  2.275D-01
  162  180     0     0  con    0  1.0D+00  1.9D-01  1.791D-03  2.273D-01
  163  181     0     0  con    0  1.0D+00  3.3D-01  3.055D-03  2.271D-01
  164  182     0     0  con    0  1.0D+00  4.1D-01  1.643D-02  2.270D-01
  165  183     0     0  con    0  1.0D+00  1.4D-01  1.041D-02  2.269D-01
  166  184     0     0  con    0  1.0D+00  1.3D-01  5.970D-03  2.268D-01
  167  185     0     0  con    0  1.0D+00  4.9D-02  8.994D-03  2.266D-01
  168  186     0     0  con    0  1.0D+00  1.6D-01  1.075D-02  2.265D-01
  169  187     0     0  con    0  1.0D+00  4.5D-01  6.103D-03  2.265D-01
  170  188     0     0  con    0  1.0D+00  1.7D-01  8.254D-03  2.263D-01
  171  190     0     0  con    1  3.3D-01  3.0D-02  7.195D-03  2.262D-01
  172  191     0     0  con    0  1.0D+00  1.9D-02  6.092D-03  2.261D-01
  173  192     0     0  con    0  1.0D+00  7.7D-02  2.389D-03  2.260D-01
  174  193     0     0  con    0  1.0D+00  1.4D-01  4.631D-03  2.259D-01
  175  194     0     0  con    0  1.0D+00  1.5D-01  2.589D-03  2.257D-01
  176  196     0     0  con    1  4.4D-01  3.3D-01  4.281D-03  2.255D-01
  177  197     0     0  con    0  1.0D+00  1.8D-01  1.378D-02  2.254D-01
  178  198     0     0  con    0  1.0D+00  1.2D-01  4.479D-03  2.253D-01
  179  199     0     0  con    0  1.0D+00  3.0D-02  2.768D-03  2.253D-01
  180  200     0     0  con    0  1.0D+00  2.5D-02  5.534D-03  2.252D-01
  181  201     0     0  con    0  1.0D+00  9.5D-02  8.541D-03  2.251D-01

STOP: TOTAL NO. of f AND g EVALUATIONS EXCEEDS LIMIT        

 Total User time 0.000E+00 seconds.

